seed: 5617641557228661581
w: 1280
h: 720
settings:
    time: dusk
    horizon: 0.362001429221937
    horizonY: 459
    twinkleAngle: 49.50415338668866
    starDensity: 10.710387114860463
    lightColor:
        r: 1
        g: 0.6707440737680732
        b: 0.9360162447630113
    lightBrightness: 0.6599397873277649
    lightPhase: 0.989521169095217
    lightAmbient: 0.1086944919167836
